1 0.478125 0.38846153846153847 0.02 0.041346153846153845
5 0.546875 0.24423076923076922 0.018125 0.038461538461538464
8 0.6625 0.2865384615384615 0.019375 0.03942307692307692
5 0.435 0.6125 0.018125 0.02980769230769231
7 0.339375 0.6336538461538461 0.011875 0.025
3 0.6225 0.6086538461538461 0.018125 0.035576923076923075
2 0.515625 0.9240384615384616 0.019375 0.03461538461538462
0 0.7225 0.3903846153846154 0.01875 0.035576923076923075
6 0.1625 0.4028846153846154 0.019375 0.022115384615384617
0 0.505 0.023076923076923078 0.01875 0.03653846153846154
4 0.256875 0.03076923076923077 0.023125 0.04326923076923077