4 0.27875 0.37884615384615383 0.0225 0.035576923076923075
0 0.4875 0.11923076923076924 0.02 0.0375
5 0.59375 0.2644230769230769 0.02 0.03461538461538462
1 0.5825 0.45576923076923076 0.016875 0.03653846153846154
8 0.704375 0.18365384615384617 0.021875 0.035576923076923075
0 0.790625 0.20673076923076922 0.02 0.03942307692307692
3 0.774375 0.4932692307692308 0.0225 0.03461538461538462
5 0.616875 0.6894230769230769 0.0175 0.03942307692307692
2 0.78625 0.8701923076923077 0.020625 0.03653846153846154
7 0.543125 0.8028846153846154 0.010625 0.021153846153846155
6 0.31875 0.7865384615384615 0.01875 0.023076923076923078