4 0.35 0.5057692307692307 0.025625 0.03653846153846154
0 0.506875 0.1519230769230769 0.02 0.0375
5 0.62875 0.22884615384615384 0.02 0.02403846153846154
1 0.651875 0.4182692307692308 0.019375 0.03461538461538462
8 0.7225 0.09038461538461538 0.021875 0.035576923076923075
0 0.81 0.0673076923076923 0.02 0.04038461538461539
3 0.84375 0.3557692307692308 0.0225 0.03461538461538462
5 0.725 0.6230769230769231 0.013125 0.03942307692307692
2 0.916875 0.7067307692307693 0.020625 0.03653846153846154
7 0.673125 0.7701923076923077 0.013125 0.023076923076923078
6 0.4575 0.8740384615384615 0.0175 0.03076923076923077