1 0.515 0.44134615384615383 0.02 0.041346153846153845
5 0.563125 0.275 0.018125 0.038461538461538464
8 0.681875 0.2721153846153846 0.019375 0.03942307692307692
5 0.499375 0.6788461538461539 0.02 0.03365384615384615
7 0.408125 0.7336538461538461 0.011875 0.022115384615384617
3 0.681875 0.6 0.018125 0.035576923076923075
2 0.615 0.9519230769230769 0.019375 0.03461538461538462
0 0.75375 0.35 0.01875 0.035576923076923075
6 0.20625 0.5769230769230769 0.019375 0.022115384615384617
0 0.496875 0.07211538461538461 0.01875 0.03653846153846154
4 0.25125 0.1778846153846154 0.023125 0.04326923076923077