4 0.281875 0.38653846153846155 0.0225 0.035576923076923075
0 0.488125 0.12211538461538461 0.02 0.0375
5 0.595 0.2644230769230769 0.02 0.03461538461538462
1 0.586875 0.4519230769230769 0.016875 0.03653846153846154
8 0.705625 0.17403846153846153 0.021875 0.035576923076923075
0 0.791875 0.20096153846153847 0.02 0.03942307692307692
3 0.7775 0.4855769230769231 0.0225 0.03461538461538462
5 0.624375 0.6865384615384615 0.0175 0.03942307692307692
2 0.795 0.8634615384615385 0.020625 0.03653846153846154
7 0.551875 0.8028846153846154 0.010625 0.021153846153846155
6 0.328125 0.7942307692307692 0.01875 0.023076923076923078