2 0.84125 0.8173076923076923 0.02 0.03653846153846154
7 0.594375 0.8 0.013125 0.02403846153846154
5 0.661875 0.6721153846153847 0.02 0.03461538461538462
1 0.61 0.4461538461538462 0.018125 0.0375
3 0.805 0.44519230769230766 0.018125 0.038461538461538464
0 0.800625 0.1528846153846154 0.02 0.03461538461538462
8 0.7125 0.14903846153846154 0.02 0.0375
5 0.6075 0.2528846153846154 0.02 0.025961538461538463
4 0.305 0.43365384615384617 0.025625 0.041346153846153845
6 0.37125 0.8326923076923077 0.01625 0.03076923076923077
0 0.49375 0.13365384615384615 0.01875 0.035576923076923075