2 0.63375 0.9509615384615384 0.02 0.03653846153846154
7 0.42125 0.7480769230769231 0.013125 0.02403846153846154
5 0.511875 0.6865384615384615 0.02 0.03461538461538462
1 0.521875 0.4480769230769231 0.018125 0.0375
3 0.6925 0.5961538461538461 0.01875 0.03365384615384615
0 0.759375 0.3375 0.02 0.03461538461538462
8 0.685 0.2653846153846154 0.02 0.0375
5 0.56625 0.2778846153846154 0.01875 0.038461538461538464
6 0.214375 0.6048076923076923 0.019375 0.021153846153846155
4 0.2525 0.19903846153846153 0.02 0.04807692307692308
0 0.495 0.08269230769230769 0.01875 0.035576923076923075