2 0.506875 0.9201923076923076 0.02 0.03653846153846154
7 0.335 0.6240384615384615 0.013125 0.025
5 0.43 0.6067307692307692 0.02 0.03461538461538462
1 0.476875 0.38269230769230766 0.018125 0.0375
3 0.6175 0.6086538461538461 0.01875 0.03365384615384615
0 0.719375 0.3903846153846154 0.02 0.03461538461538462
8 0.6625 0.2875 0.0175 0.0375
5 0.545625 0.24134615384615385 0.0175 0.035576923076923075
6 0.160625 0.38653846153846155 0.019375 0.021153846153846155
4 0.256875 0.020192307692307693 0.020625 0.03942307692307692
0 0.506875 0.020192307692307693 0.019375 0.035576923076923075