2 0.971875 0.5826923076923077 0.02 0.03653846153846154
7 0.7375 0.7221153846153846 0.013125 0.02403846153846154
5 0.775 0.5605769230769231 0.014375 0.0375
1 0.6825 0.38269230769230766 0.018125 0.0375
3 0.865 0.26153846153846155 0.02 0.038461538461538464
0 0.803125 0.004807692307692308 0.018125 0.009615384615384616
8 0.718125 0.038461538461538464 0.02 0.0375
5 0.641875 0.20576923076923076 0.02 0.025961538461538463
4 0.396875 0.5596153846153846 0.025625 0.041346153846153845
6 0.53625 0.8875 0.016875 0.03076923076923077
0 0.51125 0.16538461538461538 0.01875 0.035576923076923075