2 0.849375 0.8057692307692308 0.02 0.03653846153846154
7 0.60375 0.7990384615384616 0.013125 0.02403846153846154
5 0.668125 0.6682692307692307 0.02 0.03461538461538462
1 0.614375 0.4442307692307692 0.018125 0.0375
3 0.809375 0.4375 0.018125 0.038461538461538464
0 0.8025 0.1451923076923077 0.02 0.03461538461538462
8 0.71375 0.1423076923076923 0.02 0.0375
5 0.61 0.2519230769230769 0.02 0.025961538461538463
4 0.3075 0.44134615384615383 0.025625 0.041346153846153845
6 0.380625 0.8394230769230769 0.01625 0.03076923076923077
0 0.494375 0.1346153846153846 0.01875 0.035576923076923075