2 0.924375 0.6932692307692307 0.02 0.03653846153846154
7 0.68125 0.7653846153846153 0.013125 0.02403846153846154
5 0.73125 0.6173076923076923 0.01375 0.03365384615384615
1 0.655625 0.41442307692307695 0.018125 0.0375
3 0.846875 0.3423076923076923 0.02 0.038461538461538464
0 0.809375 0.058653846153846154 0.019375 0.03653846153846154
8 0.721875 0.08365384615384615 0.02 0.0375
5 0.631875 0.22596153846153846 0.02 0.025961538461538463
4 0.35625 0.5144230769230769 0.025625 0.041346153846153845
6 0.466875 0.8759615384615385 0.01625 0.03076923076923077
0 0.50625 0.1519230769230769 0.01875 0.035576923076923075