0 0.549375 0.23557692307692307 0.01875 0.03365384615384615
5 0.655625 0.34423076923076923 0.019375 0.023076923076923078
8 0.7525 0.24519230769230768 0.01875 0.027884615384615386
0 0.835 0.25 0.023125 0.0375
3 0.84 0.5192307692307693 0.01875 0.03173076923076923
1 0.658125 0.5221153846153846 0.0175 0.03365384615384615
5 0.70625 0.7326923076923076 0.0125 0.03365384615384615
7 0.645 0.8528846153846154 0.010625 0.01730769230769231
2 0.875625 0.8673076923076923 0.018125 0.032692307692307694
4 0.375 0.5153846153846153 0.02125 0.032692307692307694
6 0.436875 0.8826923076923077 0.015625 0.025