6 0.613125 0.989423076923077 0.015 0.020192307692307693
7 0.705625 0.6432692307692308 0.014375 0.028846153846153848
4 0.391875 0.9038461538461539 0.025625 0.038461538461538464
5 0.67625 0.4798076923076923 0.020625 0.0375
1 0.543125 0.45096153846153847 0.0225 0.03461538461538462
0 0.34 0.4778846153846154 0.02125 0.03653846153846154
5 0.45125 0.3605769230769231 0.0225 0.04038461538461539
8 0.45125 0.14903846153846154 0.023125 0.03653846153846154
3 0.636875 0.15384615384615385 0.02 0.035576923076923075
0 0.495 0.02403846153846154 0.020625 0.041346153846153845
2 0.83625 0.27884615384615385 0.021875 0.03461538461538462