2 0.409375 0.2932692307692308 0.01875 0.035576923076923075
5 0.576875 0.41057692307692306 0.0125 0.035576923076923075
7 0.635 0.2865384615384615 0.01125 0.020192307692307693
6 0.84125 0.23846153846153847 0.016875 0.026923076923076925
4 0.909375 0.5990384615384615 0.021875 0.03461538461538462
5 0.635625 0.7836538461538461 0.019375 0.023076923076923078
1 0.63 0.6134615384615385 0.016875 0.03653846153846154
3 0.455 0.6317307692307692 0.018125 0.03173076923076923
8 0.54625 0.8894230769230769 0.0175 0.03173076923076923
0 0.4675 0.8923076923076924 0.01875 0.03365384615384615
0 0.741875 0.8826923076923077 0.0175 0.03365384615384615