2 0.8325 0.8269230769230769 0.02 0.03653846153846154
7 0.58625 0.8 0.013125 0.02403846153846154
5 0.655 0.675 0.02 0.03461538461538462
1 0.605625 0.4480769230769231 0.018125 0.0375
3 0.800625 0.4528846153846154 0.018125 0.038461538461538464
0 0.79875 0.1605769230769231 0.02 0.03461538461538462
8 0.71125 0.15384615384615385 0.02 0.0375
5 0.605625 0.25384615384615383 0.02 0.025961538461538463
4 0.29875 0.42403846153846153 0.025625 0.041346153846153845
6 0.3625 0.825 0.01625 0.03076923076923077
0 0.4925 0.13076923076923078 0.01875 0.035576923076923075