4 0.339375 0.49230769230769234 0.0225 0.035576923076923075
0 0.501875 0.14711538461538462 0.02 0.0375
5 0.625625 0.2403846153846154 0.02 0.03461538461538462
1 0.6425 0.4269230769230769 0.016875 0.03653846153846154
8 0.720625 0.10480769230769231 0.021875 0.035576923076923075
0 0.8075 0.09038461538461538 0.02 0.03942307692307692
3 0.834375 0.3769230769230769 0.0225 0.03461538461538462
5 0.71125 0.6384615384615384 0.0175 0.03942307692307692
2 0.9 0.7355769230769231 0.020625 0.03653846153846154
7 0.655625 0.7807692307692308 0.010625 0.021153846153846155
6 0.4375 0.8653846153846154 0.02125 0.03076923076923077