4 0.294375 0.4173076923076923 0.0225 0.035576923076923075
0 0.490625 0.12788461538461537 0.02 0.0375
5 0.603125 0.2586538461538462 0.02 0.03461538461538462
1 0.600625 0.45 0.016875 0.03653846153846154
8 0.71 0.1605769230769231 0.021875 0.035576923076923075
0 0.7975 0.17403846153846153 0.02 0.03942307692307692
3 0.796875 0.4634615384615385 0.0225 0.03461538461538462
5 0.645625 0.6798076923076923 0.0175 0.03942307692307692
2 0.823125 0.8355769230769231 0.020625 0.03653846153846154
7 0.5775 0.8028846153846154 0.010625 0.021153846153846155
6 0.35375 0.8173076923076923 0.02125 0.03076923076923077