2 0.530625 0.9326923076923077 0.02 0.03653846153846154
7 0.349375 0.6548076923076923 0.013125 0.02403846153846154
5 0.444375 0.6307692307692307 0.02 0.03461538461538462
1 0.484375 0.40192307692307694 0.018125 0.0375
3 0.631875 0.6125 0.01875 0.03365384615384615
0 0.728125 0.3836538461538462 0.02 0.03461538461538462
8 0.66625 0.28557692307692306 0.0175 0.0375
5 0.54875 0.25096153846153846 0.0175 0.035576923076923075
6 0.1675 0.4346153846153846 0.019375 0.021153846153846155
4 0.253125 0.05576923076923077 0.02 0.04807692307692308
0 0.503125 0.03365384615384615 0.019375 0.035576923076923075