4 0.255 0.23846153846153847 0.0225 0.035576923076923075
0 0.4925 0.09230769230769231 0.02 0.0375
5 0.571875 0.2798076923076923 0.02 0.03461538461538462
1 0.5325 0.4528846153846154 0.016875 0.03653846153846154
8 0.69 0.2519230769230769 0.021875 0.035576923076923075
0 0.766875 0.31826923076923075 0.02 0.03942307692307692
3 0.70875 0.5855769230769231 0.0225 0.03461538461538462
5 0.530625 0.6951923076923077 0.0175 0.03942307692307692
2 0.66375 0.9471153846153846 0.020625 0.03653846153846154
7 0.443125 0.7673076923076924 0.010625 0.021153846153846155
6 0.23125 0.6461538461538462 0.01875 0.023076923076923078