2 0.736875 0.9076923076923077 0.02 0.03653846153846154
7 0.500625 0.7942307692307692 0.013125 0.02403846153846154
5 0.581875 0.6961538461538461 0.02 0.03461538461538462
1 0.56 0.4576923076923077 0.018125 0.0375
3 0.748125 0.5355769230769231 0.01875 0.03365384615384615
0 0.78125 0.2519230769230769 0.02 0.03461538461538462
8 0.698125 0.21153846153846154 0.02 0.0375
5 0.583125 0.27115384615384613 0.020625 0.03942307692307692
6 0.28 0.7375 0.02 0.026923076923076925
4 0.264375 0.32403846153846155 0.02 0.04807692307692308
0 0.48625 0.10673076923076923 0.01875 0.035576923076923075