1 0.475 0.3778846153846154 0.02 0.041346153846153845
5 0.545 0.24134615384615385 0.018125 0.038461538461538464
8 0.66 0.2865384615384615 0.019375 0.03942307692307692
5 0.42625 0.5990384615384615 0.018125 0.02980769230769231
7 0.330625 0.6134615384615385 0.011875 0.025
3 0.613125 0.6076923076923076 0.018125 0.035576923076923075
2 0.499375 0.9153846153846154 0.019375 0.03461538461538462
0 0.7175 0.39326923076923076 0.01875 0.035576923076923075
6 0.1575 0.37115384615384617 0.019375 0.022115384615384617
0 0.50875 0.016346153846153847 0.02 0.03173076923076923
4 0.26 0.013461538461538462 0.019375 0.026923076923076925