2 0.54 0.9355769230769231 0.02 0.03653846153846154
7 0.355625 0.6634615384615384 0.013125 0.025
5 0.450625 0.6346153846153846 0.02 0.03461538461538462
1 0.48625 0.40576923076923077 0.018125 0.0375
3 0.63625 0.6105769230769231 0.01875 0.03365384615384615
0 0.730625 0.38076923076923075 0.02 0.03461538461538462
8 0.6675 0.2846153846153846 0.0175 0.0375
5 0.55 0.25384615384615383 0.0175 0.035576923076923075
6 0.17 0.45 0.019375 0.021153846153846155
4 0.253125 0.06923076923076923 0.02 0.04807692307692308
0 0.501875 0.0375 0.019375 0.035576923076923075