7 0.70375 0.6269230769230769 0.014375 0.028846153846153848
4 0.39125 0.885576923076923 0.025625 0.038461538461538464
5 0.674375 0.4653846153846154 0.020625 0.0375
1 0.541875 0.43173076923076925 0.0225 0.03461538461538462
0 0.33875 0.45865384615384613 0.02125 0.03653846153846154
5 0.44875 0.3451923076923077 0.0225 0.04038461538461539
8 0.44875 0.12884615384615383 0.023125 0.03653846153846154
3 0.634375 0.13557692307692307 0.02 0.035576923076923075
2 0.83375 0.25961538461538464 0.021875 0.03461538461538462
0 0.4925 0.010576923076923078 0.02 0.021153846153846155
6 0.610625 0.9798076923076923 0.014375 0.03942307692307692