2 0.948125 0.6461538461538462 0.02 0.03653846153846154
7 0.708125 0.7490384615384615 0.013125 0.02403846153846154
5 0.751875 0.5923076923076923 0.016875 0.03461538461538462
1 0.66875 0.39903846153846156 0.018125 0.0375
3 0.856875 0.3057692307692308 0.018125 0.038461538461538464
0 0.809375 0.02980769230769231 0.02 0.03461538461538462
8 0.7225 0.06346153846153846 0.02 0.0375
5 0.6375 0.21634615384615385 0.02 0.025961538461538463
4 0.375625 0.5326923076923077 0.025625 0.041346153846153845
6 0.4975 0.8807692307692307 0.01625 0.03076923076923077
0 0.51 0.15576923076923077 0.01875 0.035576923076923075