2 0.565 0.9442307692307692 0.02 0.03653846153846154
7 0.3725 0.6894230769230769 0.013125 0.025
5 0.466875 0.65 0.02 0.03461538461538462
1 0.495625 0.4182692307692308 0.018125 0.0375
3 0.651875 0.6105769230769231 0.01875 0.03365384615384615
0 0.7375 0.3721153846153846 0.02 0.03461538461538462
8 0.671875 0.28173076923076923 0.0175 0.0375
5 0.55375 0.2644230769230769 0.0175 0.035576923076923075
6 0.18125 0.49423076923076925 0.019375 0.021153846153846155
4 0.251875 0.10480769230769231 0.02 0.04807692307692308
0 0.499375 0.051923076923076926 0.019375 0.035576923076923075