2 0.96 0.614423076923077 0.02 0.03653846153846154
7 0.723125 0.7365384615384616 0.013125 0.02403846153846154
5 0.763125 0.5759615384615384 0.016875 0.03461538461538462
1 0.67625 0.3903846153846154 0.018125 0.0375
3 0.86125 0.2846153846153846 0.02 0.038461538461538464
0 0.806875 0.013461538461538462 0.020625 0.026923076923076925
8 0.72125 0.05096153846153846 0.02 0.0375
5 0.64 0.2125 0.02 0.025961538461538463
4 0.386875 0.5442307692307692 0.025625 0.041346153846153845
6 0.5175 0.8846153846153846 0.01625 0.03076923076923077
0 0.51125 0.1596153846153846 0.01875 0.035576923076923075