2 0.6525 0.95 0.02 0.03653846153846154
7 0.435625 0.7625 0.013125 0.02403846153846154
5 0.52375 0.6923076923076923 0.02 0.03461538461538462
1 0.52875 0.4528846153846154 0.018125 0.0375
3 0.70375 0.5875 0.01875 0.03365384615384615
0 0.76375 0.3269230769230769 0.02 0.03461538461538462
8 0.688125 0.26153846153846155 0.02 0.0375
5 0.569375 0.2778846153846154 0.01875 0.038461538461538464
6 0.225625 0.6307692307692307 0.019375 0.021153846153846155
4 0.25375 0.225 0.02 0.04807692307692308
0 0.494375 0.08557692307692308 0.01875 0.035576923076923075