4 0.25875 0.28942307692307695 0.0225 0.035576923076923075
0 0.48875 0.10096153846153846 0.02 0.0375
5 0.5775 0.275 0.02 0.03461538461538462
1 0.548125 0.4576923076923077 0.016875 0.03653846153846154
8 0.695 0.23365384615384616 0.021875 0.035576923076923075
0 0.775 0.28076923076923077 0.02 0.03942307692307692
3 0.731875 0.5576923076923077 0.0225 0.03461538461538462
5 0.559375 0.7 0.0175 0.03942307692307692
2 0.705625 0.9288461538461539 0.020625 0.03653846153846154
7 0.475625 0.7865384615384615 0.010625 0.021153846153846155
6 0.258125 0.7019230769230769 0.01875 0.023076923076923078