4 0.25625 0.24903846153846154 0.0225 0.035576923076923075
0 0.4925 0.09230769230769231 0.02 0.0375
5 0.571875 0.2798076923076923 0.02 0.03461538461538462
1 0.536875 0.4548076923076923 0.016875 0.03653846153846154
8 0.69 0.2519230769230769 0.021875 0.035576923076923075
0 0.76875 0.30865384615384617 0.02 0.03942307692307692
3 0.715625 0.5778846153846153 0.0225 0.03461538461538462
5 0.536875 0.6951923076923077 0.0175 0.03942307692307692
2 0.67375 0.9432692307692307 0.020625 0.03653846153846154
7 0.45125 0.7721153846153846 0.010625 0.021153846153846155
6 0.2375 0.6586538461538461 0.01875 0.023076923076923078