2 0.95375 0.6317307692307692 0.02 0.03653846153846154
7 0.715 0.7403846153846154 0.013125 0.02403846153846154
5 0.75875 0.5846153846153846 0.01375 0.03365384615384615
1 0.673125 0.3942307692307692 0.018125 0.0375
3 0.859375 0.2951923076923077 0.02 0.038461538461538464
0 0.8075 0.01826923076923077 0.019375 0.03653846153846154
8 0.7225 0.057692307692307696 0.02 0.0375
5 0.639375 0.2144230769230769 0.02 0.025961538461538463
4 0.38125 0.5413461538461538 0.025625 0.041346153846153845
6 0.508125 0.8817307692307692 0.01625 0.03076923076923077
0 0.510625 0.1576923076923077 0.01875 0.035576923076923075