2 0.523125 0.9278846153846154 0.02 0.03653846153846154
7 0.345 0.6451923076923077 0.013125 0.025
5 0.44 0.6211538461538462 0.02 0.03461538461538462
1 0.48125 0.3923076923076923 0.018125 0.0375
3 0.62625 0.6086538461538461 0.01875 0.03365384615384615
0 0.725 0.38653846153846155 0.02 0.03461538461538462
8 0.664375 0.28557692307692306 0.0175 0.0375
5 0.548125 0.24903846153846154 0.0175 0.035576923076923075
6 0.164375 0.4201923076923077 0.019375 0.021153846153846155
4 0.255 0.04423076923076923 0.02 0.04807692307692308
0 0.504375 0.028846153846153848 0.019375 0.035576923076923075