2 0.491875 0.9086538461538461 0.02 0.03653846153846154
7 0.325625 0.6019230769230769 0.013125 0.025
5 0.421875 0.5942307692307692 0.02 0.03461538461538462
1 0.471875 0.37115384615384617 0.018125 0.0375
3 0.60875 0.6048076923076923 0.01875 0.03365384615384615
0 0.715 0.3942307692307692 0.02 0.03461538461538462
8 0.66 0.28557692307692306 0.0175 0.0375
5 0.544375 0.23461538461538461 0.0175 0.035576923076923075
6 0.155625 0.3548076923076923 0.019375 0.021153846153846155
4 0.26125 0.006730769230769231 0.013125 0.0125
0 0.509375 0.013461538461538462 0.01875 0.026923076923076925