4 0.32375 0.4653846153846154 0.0225 0.035576923076923075
0 0.4975 0.13942307692307693 0.02 0.0375
5 0.61875 0.24326923076923077 0.02 0.03461538461538462
1 0.628125 0.43653846153846154 0.016875 0.03653846153846154
8 0.716875 0.12403846153846154 0.021875 0.035576923076923075
0 0.805625 0.11730769230769231 0.02 0.03942307692307692
3 0.8225 0.40865384615384615 0.0225 0.03461538461538462
5 0.69 0.6528846153846154 0.0175 0.03942307692307692
2 0.87625 0.7740384615384616 0.020625 0.03653846153846154
7 0.629375 0.7923076923076923 0.010625 0.021153846153846155
6 0.40875 0.8528846153846154 0.02125 0.03076923076923077