4 0.290625 0.4076923076923077 0.0225 0.035576923076923075
0 0.4875 0.11923076923076924 0.02 0.0375
5 0.599375 0.2605769230769231 0.02 0.03461538461538462
1 0.59625 0.4519230769230769 0.016875 0.03653846153846154
8 0.708125 0.16442307692307692 0.021875 0.035576923076923075
0 0.795625 0.18076923076923077 0.02 0.03942307692307692
3 0.79 0.4701923076923077 0.0225 0.03461538461538462
5 0.640625 0.6826923076923077 0.0175 0.03942307692307692
2 0.81375 0.8461538461538461 0.020625 0.03653846153846154
7 0.56875 0.8038461538461539 0.010625 0.021153846153846155
6 0.34375 0.8096153846153846 0.02125 0.03076923076923077