4 0.2725 0.3576923076923077 0.0225 0.035576923076923075
0 0.48625 0.11538461538461539 0.02 0.0375
5 0.588125 0.2673076923076923 0.02 0.03461538461538462
1 0.573125 0.4576923076923077 0.016875 0.03653846153846154
8 0.701875 0.19230769230769232 0.021875 0.035576923076923075
0 0.786875 0.22403846153846155 0.02 0.03942307692307692
3 0.765625 0.5125 0.0225 0.03461538461538462
5 0.603125 0.6932692307692307 0.0175 0.03942307692307692
2 0.76625 0.8875 0.020625 0.03653846153846154
7 0.526875 0.8009615384615385 0.010625 0.021153846153846155
6 0.303125 0.7692307692307693 0.01875 0.023076923076923078