4 0.369375 0.5259615384615385 0.025625 0.03653846153846154
0 0.509375 0.15576923076923077 0.02 0.0375
5 0.635625 0.21923076923076923 0.02 0.02403846153846154
1 0.664375 0.4048076923076923 0.019375 0.03461538461538462
8 0.723125 0.07019230769230769 0.021875 0.035576923076923075
0 0.810625 0.04038461538461539 0.02 0.04038461538461539
3 0.854375 0.3192307692307692 0.0225 0.03461538461538462
5 0.745 0.6028846153846154 0.013125 0.03942307692307692
2 0.940625 0.6625 0.020625 0.03653846153846154
7 0.69875 0.7528846153846154 0.013125 0.023076923076923078
6 0.486875 0.8778846153846154 0.0175 0.03076923076923077