1 0.498125 0.42403846153846153 0.02 0.041346153846153845
5 0.555 0.26634615384615384 0.018125 0.038461538461538464
8 0.67375 0.28076923076923077 0.019375 0.03942307692307692
5 0.470625 0.6576923076923077 0.02 0.03365384615384615
7 0.3775 0.698076923076923 0.011875 0.022115384615384617
3 0.655625 0.6086538461538461 0.018125 0.035576923076923075
2 0.5725 0.9461538461538461 0.019375 0.03461538461538462
0 0.74 0.36923076923076925 0.01875 0.035576923076923075
6 0.184375 0.5096153846153846 0.019375 0.022115384615384617
0 0.498125 0.05384615384615385 0.01875 0.03653846153846154
4 0.250625 0.1201923076923077 0.023125 0.04326923076923077