2 0.366875 0.42115384615384616 0.019375 0.035576923076923075
5 0.544375 0.4980769230769231 0.010625 0.0375
7 0.593125 0.36153846153846153 0.0125 0.022115384615384617
6 0.796875 0.26634615384615384 0.016875 0.03173076923076923
1 0.61125 0.6894230769230769 0.0175 0.035576923076923075
3 0.43625 0.7480769230769231 0.01875 0.03365384615384615
5 0.63 0.8605769230769231 0.01875 0.020192307692307693
8 0.5475 0.9846153846153847 0.01875 0.02980769230769231
0 0.468125 0.9942307692307693 0.016875 0.011538461538461539
4 0.891875 0.6134615384615385 0.02375 0.035576923076923075
0 0.74375 0.9346153846153846 0.01875 0.035576923076923075