2 0.90875 0.7211538461538461 0.02 0.03653846153846154
7 0.664375 0.7759615384615385 0.013125 0.02403846153846154
5 0.7175 0.6307692307692307 0.016875 0.03461538461538462
1 0.646875 0.41923076923076924 0.018125 0.0375
3 0.839375 0.36538461538461536 0.018125 0.038461538461538464
0 0.809375 0.07788461538461539 0.02 0.03461538461538462
8 0.721875 0.09903846153846153 0.02 0.0375
5 0.6275 0.23076923076923078 0.02 0.025961538461538463
4 0.345 0.49903846153846154 0.025625 0.041346153846153845
6 0.446875 0.8682692307692308 0.01625 0.03076923076923077
0 0.50375 0.14903846153846154 0.01875 0.035576923076923075