4 0.329375 0.47692307692307695 0.0225 0.035576923076923075
0 0.49875 0.1423076923076923 0.02 0.0375
5 0.620625 0.24326923076923077 0.02 0.03461538461538462
1 0.634375 0.43365384615384617 0.016875 0.03653846153846154
8 0.718125 0.11538461538461539 0.021875 0.035576923076923075
0 0.806875 0.10961538461538461 0.02 0.03942307692307692
3 0.828125 0.39615384615384613 0.0225 0.03461538461538462
5 0.695625 0.6490384615384616 0.0175 0.03942307692307692
2 0.885 0.7615384615384615 0.020625 0.03653846153846154
7 0.638125 0.7894230769230769 0.010625 0.021153846153846155
6 0.419375 0.8576923076923076 0.02125 0.03076923076923077