2 0.695 0.9336538461538462 0.02 0.03653846153846154
7 0.466875 0.7817307692307692 0.013125 0.02403846153846154
5 0.5525 0.6990384615384615 0.02 0.03461538461538462
1 0.544375 0.4567307692307692 0.018125 0.0375
3 0.72625 0.5653846153846154 0.01875 0.03365384615384615
0 0.773125 0.2903846153846154 0.02 0.03461538461538462
8 0.693125 0.23942307692307693 0.02 0.0375
5 0.575625 0.27692307692307694 0.020625 0.03942307692307692
6 0.25125 0.6875 0.02 0.026923076923076925
4 0.256875 0.275 0.02 0.04807692307692308
0 0.489375 0.09807692307692308 0.01875 0.035576923076923075