2 0.5975 0.9519230769230769 0.02 0.03653846153846154
7 0.395625 0.7211538461538461 0.013125 0.02403846153846154
5 0.486875 0.6711538461538461 0.02 0.03461538461538462
1 0.5075 0.4346153846153846 0.018125 0.0375
3 0.67125 0.6067307692307692 0.01875 0.03365384615384615
0 0.748125 0.3576923076923077 0.02 0.03461538461538462
8 0.678125 0.2759615384615385 0.02 0.0375
5 0.56 0.2721153846153846 0.01875 0.038461538461538464
6 0.196875 0.551923076923077 0.019375 0.021153846153846155
4 0.250625 0.1519230769230769 0.02 0.04807692307692308
0 0.496875 0.06923076923076923 0.019375 0.035576923076923075